1 1 4 -> [[ 5.00000000e+04]
, [-3.80965663e-01]
, [ 5.41726486e-01]
, [ 2.33259930e-01]
, [ 9.15785506e-01]
, [-4.97755303e-01]
, [ 6.95446840e-01]]: 467433391928.6745
1 1 3 -> [[ 5.00000000e+04]
 [ 3.73820783e-01]
 [-9.91496268e-01]
 [-7.63294286e-01]
 [-7.71337363e-01]
 [ 1.62637357e-01]]: 363038171974.50867
1 1 1 -> [[ 5.00000000e+04]
 [ 7.33018073e-01]
 [-3.98684627e-01]
 [-4.04230218e-02]]: 363661915528.6754
1 1 2 -> [[ 5.00000000e+04]
 [ 3.37894124e-01]
 [ 8.18597645e-01]
 [-2.35653711e-02]
 [ 8.97003435e-01]]: 360671157345.76825
2 1 1 -> [[ 5.00000000e+04]
 [-3.90167329e-01]
 [-3.30531860e-01]
 [-1.56352821e-01]
 [-1.24651530e-01]]: 380473821280.0322
3 1 2 -> [[ 5.00000000e+04]
 [-5.86062860e-01]
 [ 2.93106742e-01]
 [ 7.99641670e-01]
 [-4.30065488e-01]
 [-7.57869513e-01]
 [-2.01578521e-01]]: 251636214567.8043
2 1 3 -> [[ 5.00000000e+04]
 [ 6.16259635e-01]
 [-7.17282395e-01]
 [-3.26988880e-01]
 [-3.60991146e-01]
 [-9.42286778e-02]
 [ 4.03410133e-01]]: 380562873955.3257
2 1 4 -> [[ 5.00000000e+04]
 [-5.86626124e-01]
 [ 6.84136051e-01]
 [-9.97704383e-01]
 [ 2.57302643e-01]
 [-1.32630581e-01]
 [ 4.25415245e-01]
 [-6.43635866e-01]]: 507762168479.6114
3 1 1 -> [[ 5.00000000e+04]
 [ 6.33838152e-01]
 [ 3.32943840e-01]
 [-4.43191100e-01]
 [ 3.67675792e-01]
 [ 8.80370504e-01]]: 426682091341.20245
3 1 3 -> [[ 5.00000000e+04]
 [-1.37282592e-01]
 [-2.85248557e-01]
 [-3.95114614e-01]
 [-4.89495138e-02]
 [ 1.09401266e-01]
 [-4.25983482e-01]
 [ 7.72326137e-02]]: 476240590411.64294
2 1 2 -> [[ 5.00000000e+04]
 [-6.59652712e-02]
 [-9.91902070e-01]
 [-9.06307967e-01]
 [-6.79833022e-01]
 [-8.54291591e-01]]: 379842420007.3201